0 — чёрный (фон), 1 — пурпурный, 2 — жёлтый, 3 — белый, 4 — голубой, 5 — синий.

Глиф: строка-метка + 6 строк по 7 цифр. Метка «_» = пробел.

A
0013345
0120045
0120045
0123345
0120045
0120045

B
1233345
1200045
1233345
1200045
1200045
1233345

C
0013345
0124500
0124500
0124500
0124500
0013345

D
0123330
0120045
0120045
0120045
0120045
0123330

E
0123334
0120000
0123330
0120000
0120000
0123334

F
0123334
0120000
0123300
0120000
0120000
0120000

G
0013345
0120000
0120345
0120045
0120045
0013345

H
0120045
0120045
0123345
0120045
0120045
0120045

I
0133345
0012450
0012450
0012450
0012450
0133345

J
0013345
0000045
0000045
0000045
0120000
0123345

K
0120045
0120340
0123300
0120340
0120045
0120045

L
0120000
0120000
0120000
0120000
0120000
0123334

M
1200045
1233345
1203045
1203045
1200045
1200045

N
0120045
0123045
0123045
0120345
0120345
0120045

O
0013345
0120045
0120045
0120045
0120045
0013345

P
0123345
0120045
0123345
0120000
0120000
0120000

Q
0013345
0120045
0120045
0120045
0013345
0000345

R
0123345
0120045
0123345
0120340
0120045
0120045

S
0013345
0120000
0123345
0000045
0000045
0013345

T
0133345
0012450
0012450
0012450
0012450
0012450

U
0120045
0120045
0120045
0120045
0120045
0123345

V
1200045
1200045
0120340
0120340
0023300
0003300

W
1200045
1200045
1203045
1203045
1203045
0120340

X
1200045
0120340
0023300
0023300
0120340
1200045

Y
1200045
0120340
0012450
0012450
0012450
0012450

Z
0133345
0000340
0003300
0023000
0120000
0133345

0
0013345
0120045
0120045
0120045
0120045
0013345

1
0012450
0012450
0012450
0012450
0012450
0133345

2
0133345
0000045
0000340
0023000
0120000
0133345

3
0133345
0000045
0003345
0000045
0000045
0133345

4
0023045
0003345
0000345
0123345
0000045
0000045

5
0133345
0120000
0123345
0000045
0000045
0133345

6
0013345
0120000
0123345
0120045
0120045
0013345

7
0133345
0000340
0003300
0023000
0120000
0120000

8
0013345
0120045
0123345
0120045
0120045
0013345

9
0013345
0120045
0123345
0000045
0000045
0013345

_
0000000
0000000
0000000
0000000
0000000
0000000

А
0013345
0120045
0120045
0123345
0120045
0120045

Б
0123334
0120000
0123345
0120045
0120045
0123345

В
1233345
1200045
1233345
1200045
1200045
1233345

Г
0123334
0120000
0120000
0120000
0120000
0120000

Д
0013345
0120045
0120045
0120045
1233345
1200045

Е
0123334
0120000
0123330
0120000
0120000
0123334

Ё
0330330
0123334
0120000
0123330
0120000
0123334

Ж
1203045
1203045
1233345
1203045
1203045
1203045

З
0013345
0120000
0123345
0000045
0000045
0013345

И
0120045
0120345
0120345
0123045
0123045
0120045

Й
0003300
0120345
0120345
0123045
0123045
0120045

К
0120045
0120340
0123300
0120340
0120045
0120045

Л
0013345
0120045
0120045
0120045
0120045
0120045

М
1200045
1233345
1203045
1203045
1200045
1200045

Н
0120045
0120045
0123345
0120045
0120045
0120045

О
0013345
0120045
0120045
0120045
0120045
0013345

П
0123345
0120045
0120045
0120045
0120045
0120045

Р
0123345
0120045
0123345
0120000
0120000
0120000

С
0013345
0124500
0124500
0124500
0124500
0013345

Т
0133345
0012450
0012450
0012450
0012450
0012450

У
1200045
0120340
0012450
0012450
0012450
0012450

Ф
0003300
0133345
0123345
0123345
0133345
0003300

Х
1200045
0120340
0023300
0023300
0120340
1200045

Ц
0123345
0120045
0120045
0120045
0120045
0000045

Ч
0120045
0120045
0123345
0000045
0000045
0000045

Ш
1233345
1203045
1203045
1203045
1203045
1203045

Щ
1233345
1203045
1203045
1203045
1203045
0000045

Ъ
1233300
1200000
1233345
1200045
1200045
1233345

Ы
1023000
1023000
1023345
1023045
1023045
1023345

Ь
0120000
0120000
0123345
0120045
0120045
0123345

Э
0013345
0000045
0013345
0000045
0000045
0013345

Ю
1203345
1203045
1233345
1203045
1203045
1203345

Я
0123345
0120045
0123345
0120045
1200045
1200045
